p1 3 746 17
p2 6 372 22
p3 9 902 24
p4 12 253 6
p5 15 687 13
p6 18 487 23
p7 21 265 5
p8 24 204 20
p9 27 592 19
p10 30 436 5
p11 33 106 18
p12 36 189 9
p13 39 90 24
p14 42 609 18
p15 45 295 10
p16 48 582 11
p17 51 687 9
p18 54 31 5
p19 57 462 16
p20 60 973 14
p21 63 480 24
p22 66 486 6
p23 69 507 18
p24 72 187 9
p25 75 252 17
p26 78 258 20
p27 81 304 14
p28 84 617 8
p29 87 124 6
p30 90 560 19
p31 93 468 11
p32 96 627 20
p33 99 293 8
p34 102 703 10
p35 105 99 15
p36 108 523 13
p37 111 791 20
p38 114 941 21
p39 117 61 12
p40 120 334 17
p41 123 439 25
p42 126 618 6
p43 129 254 9
p44 132 740 15
p45 135 102 11
p46 138 483 25
p47 141 591 24
p48 144 154 23
p49 147 607 12
